GGAG
0.08586 0.100906 0.157402 0.06827 0.032528
0.069662 0.062498 0.093024 0.024108 0.17034
0.032172 0.049394 0.022112 0.010798 0.020926
GAGG
0.035562 0.05038 0.022078 0.03614 0.019342 0.024192
0.044554 0.059498 0.019612 0.0196 0.03191 0.037624
0.013744 0.009028 0.067272 0.078886 0.096862 0.006746
0.01369 0.030988 0.01264 0.00785 0.008134 0.029874
0.008258 0.005284 0.057334 0.053584 0.096986 0.002348
AGGG
0.072456 0.015432 0.02792
0.117956 0.012118 0.025104
0.03256 0.137452 0.008924
0.112772 0.023152 0.060136
0.011194 0.23457 0.00747
0.063022 0.011576 0.026186
GGGC
0.061862 0.116088 0.101968 0.06621 0.063832
0.165476 0.087528 0.118002 0.046772 0.016522
0.016952 0.011882 0.039834 0.010988 0.076084
GGCC
0.155638 0.069334 0.019318
0.113968 0.069936 0.031594
0.119404 0.088256 0.052144
0.021624 0.011442 0.090904
0.055026 0.077026 0.024386
GCCG
0.133524 0.032816 0.079308 0.166518 0.053494
0.050126 0.006718 0.030686 0.045038 0.183426
0.027526 0.15249 0.003864 0.011836 0.02263
CCGG
0.12457 0.038696 0.04791
0.04687 0.121034 0.02412
0.0781 0.026578 0.00918
0.16766 0.040692 0.01504
0.027026 0.00565 0.226874
CGGG
0.044766 0.155316 0.110474 0.024574 0.109096
0.043068 0.06031 0.052764 0.014406 0.062102
0.045628 0.053396 0.063994 0.130662 0.029444
GGGT
0.013768 0.009748 0.044978 0.064968
0.055174 0.100766 0.092828 0.020254
0.04478 0.056918 0.094506 0.031028
0.049026 0.047008 0.061142 0.012466
0.047044 0.078026 0.05696 0.018612
GGTG
0.145496 0.0434 0.020896
0.214422 0.019844 0.0582
0.100664 0.025428 0.224322
0.035866 0.016594 0.094868
