AGGC
0.176446 0.093132
0.58016 0.150262
GGCG
0.252042 0.056184 0.306722 0.141658
0.024208 0.135042 0.033498 0.050646
GCGC
0.10824 0.061302 0.067688 0.005134 0.01628 0.017606
0.01997 0.0084 0.041962 0.092654 0.01426 0.01398
0.02243 0.035312 0.030354 0.069042 0.067926 0.115156
0.046344 0.025478 0.027708 0.024266 0.022386 0.046122
CGCA
0.074854 0.101918 0.009096 0.011116
0.023816 0.090886 0.004134 0.011656
0.019526 0.055172 0.063974 0.02904
0.006732 0.032126 0.110882 0.041356
0.007666 0.064338 0.028048 0.0208
0.01136 0.14033 0.01384 0.027334
GCAA
0.103976 0.039978
0.078338 0.406432
0.048664 0.18131
0.019046 0.122256
CAAG
0.089144 0.015482 0.112408 0.020696 0.012294
0.235634 0.121714 0.084356 0.17979 0.128482
AAGA
0.09551 0.060196 0.1456 0.023472
0.088864 0.009986 0.022578 0.015768
0.033062 0.047892 0.108578 0.007232
0.131624 0.015312 0.01584 0.03771
0.06271 0.003594 0.007534 0.066938
AGAC
0.069638 0.027182 0.102234 0.212716
0.032788 0.051754 0.020908 0.03153
0.090202 0.03491 0.067844 0.107174
0.024224 0.00909 0.045682 0.072124
GACT
0.024206 0.027664 0.019382 0.095622 0.049978
0.011916 0.021268 0.019538 0.036426 0.033788
0.0221 0.029158 0.040356 0.078388 0.066666
0.049488 0.053314 0.029256 0.19967 0.091816
ACTG
0.05597 0.019624 0.021862 0.010254
0.057748 0.027296 0.01117 0.03519
0.02049 0.005502 0.064896 0.017644
0.206084 0.1184 0.030656 0.054966
0.055796 0.012362 0.165384 0.008706
