AATA
0.090864 0.006114 0.028026
0.34162 0.051442 0.155486
0.096732 0.00734 0.04236
0.030222 0.065476 0.084318
ATAA
0.024596 0.092502 0.026066 0.007898
0.025464 0.082524 0.023942 0.006962
0.02952 0.121136 0.034662 0.010582
0.011284 0.045458 0.012062 0.00478
0.000126 0.000802 0.000178 0.001712
0.001022 0.006204 0.000912 0.010384
0.002558 0.025582 0.003616 0.02133
0.002408 0.018854 0.002634 0.03205
0.003852 0.018094 0.00548 0.015748
0.011142 0.047806 0.012944 0.034562
0.009222 0.063928 0.017306 0.02189
0.00381 0.025658 0.00663 0.012118
TAAG
0.021366 0.000286 0.005302
0.129696 0.002532 0.037872
0.017908 0.001256 0.009246
0.120984 0.017266 0.097208
0.017232 0.011012 0.015696
0.178668 0.042074 0.09665
0.018158 0.026066 0.014334
0.055426 0.02988 0.033882
AAGT
0.008092 0.00912 0.012064 0.014322
0.008628 0.007364 0.015788 0.026306
0.003694 0.003572 0.005994 0.007636
0.00654 0.008354 0.010094 0.010294
0.05414 0.078758 0.10069 0.036744
0.048436 0.061618 0.094024 0.036216
0.022386 0.029454 0.039394 0.01571
0.045138 0.065628 0.083284 0.030518
AGTA
0.01533 0.115588
0.00429 0.013842
0.023978 0.140902
0.004732 0.030616
0.040426 0.143748
0.012928 0.06593
0.00635 0.045118
0.004804 0.015702
0.009742 0.046124
0.01952 0.127384
0.001064 0.003596
0.014698 0.093588
GTAC
0.027878 0.006244 0.010662 0.031526
0.10304 0.029104 0.040806 0.115378
0.014914 0.151132 0.015758 0.003724
0.003218 0.033042 0.004748 0.000936
0.119938 0.055198 0.0416 0.08458
0.044942 0.02366 0.014266 0.023706
TACC
0.059128 0.112338 0.142616
0.017182 0.07319 0.1587
0.139822 0.024296 0.046924
0.148506 0.017648 0.05965
ACCA
0.143734 0.128928
0.016688 0.011792
0.15366 0.070322
0.063344 0.08351
0.171674 0.124858
0.014054 0.017436
CCAG
0.154464 0.068496
0.02691 0.02021
0.091288 0.058148
0.014968 0.110542
0.004422 0.04527
0.00909 0.14072
0.032348 0.002884
0.097628 0.014298
0.094006 0.014308
CAGG
0.020718 0.010882 0.004258
0.060708 0.034856 0.010744
0.070786 0.047388 0.016084
0.059226 0.027912 0.003722
0.011522 0.004472 0.000424
0.020206 0.023792 0.068526
0.006068 0.00501 0.014256
0.006116 0.006192 0.016762
0.011298 0.010706 0.010618
0.003432 0.003992 0.001764
0.029204 0.028922 0.054002
0.007348 0.005882 0.01232
0.006742 0.007052 0.011448
0.067688 0.061012 0.022768
0.038454 0.046942 0.007776
AGGA
0.035858 0.106308 0.134258 0.09086 0.016418
0.112524 0.025334 0.02907 0.032622 0.009188
0.112128 0.02555 0.025242 0.151468 0.093172
