TACG
0.052072 0.011228 0.008742 0.103082 0.009512
0.04855 0.095994 0.060806 0.045136 0.075074
0.040198 0.04193 0.024034 0.051498 0.040422
0.033872 0.02716 0.00986 0.217386 0.003444
ACGC
0.030404 0.015688 0.069546 0.036194 0.02286
0.022604 0.030746 0.013704 0.019816 0.089442
0.014582 0.010144 0.040068 0.02204 0.016608
0.109196 0.065206 0.08163 0.139098 0.021972
0.00717 0.008132 0.01599 0.004532 0.092628
CGCG
0.06048 0.022422 0.101054
0.098122 0.017126 0.014668
0.019728 0.176168 0.025042
0.059472 0.155218 0.00699
0.099188 0.036786 0.107536
GCGG
0.215784 0.037372 0.055624 0.02821
0.016398 0.162174 0.107808 0.12134
0.147036 0.0888 0.013514 0.00594
CGGA
0.092238 0.076612 0.077668 0.0155 0.081794 0.026894 0.008512
0.022846 0.008354 0.028132 0.054428 0.02468 0.097946 0.05196
0.027102 0.027034 0.037454 0.009394 0.030852 0.0325 0.01261
0.002764 0.000632 0.005058 0.035788 0.003412 0.032384 0.075452
GGAT
0.016992 0.07525 0.052708
0.02682 0.066322 0.01949
0.04019 0.082116 0.026006
0.02962 0.072222 0.013268
0.02853 0.094454 0.017754
0.049236 0.121726 0.018762
0.038382 0.094528 0.015624
GATC
0.039084 0.03264 0.074392 0.031178 0.052476
0.091768 0.133586 0.203032 0.05977 0.118462
0.026396 0.03884 0.031116 0.02902 0.03824
ATCG
0.072848 0.045224 0.008018 0.031158
0.000984 0.013638 0.171182 0.019262
0.016988 0.139306 0.059324 0.092922
0.011584 0.01422 0.078224 0.01594
0.089952 0.07967 0.013236 0.02632
TCGA
0.044742 0.01378 0.133834
0.15754 0.10002 0.034498
0.02403 0.284666 0.021288
0.100052 0.077466 0.008084
CGAG
0.118752 0.099676 0.057286 0.022066 0.028584
0.148502 0.129176 0.10078 0.027782 0.069692
0.035916 0.056352 0.012702 0.089034 0.0037
