GGAG
0.08586 0.100906 0.157402 0.06827 0.032528
0.069662 0.062498 0.093024 0.024108 0.17034
0.032172 0.049394 0.022112 0.010798 0.020926
GAGG
0.01559 0.012846 0.007126
0.021836 0.01862 0.009924
0.007886 0.010956 0.003236
0.020856 0.010522 0.004762
0.00915 0.007334 0.002858
0.010542 0.009384 0.004266
0.022144 0.011552 0.010858
0.029196 0.015812 0.01449
0.007712 0.007392 0.004508
0.008048 0.00695 0.004602
0.014146 0.010512 0.007252
0.01966 0.01028 0.007684
0.007914 0.004856 0.000974
0.004686 0.00357 0.000772
0.039234 0.022292 0.005746
0.044832 0.028578 0.005476
0.057126 0.031298 0.008438
0.00361 0.00243 0.000706
0.009934 0.002422 0.001334
0.022334 0.00608 0.002574
0.00664 0.004148 0.001852
0.004988 0.001968 0.000894
0.004192 0.00245 0.001492
0.020182 0.00704 0.002652
0.001066 0.006178 0.001014
0.000662 0.003982 0.00064
0.010188 0.04132 0.005826
0.00451 0.045354 0.00372
0.015696 0.071944 0.009346
0.000406 0.001562 0.00038
AGGG
0.023982 0.03021 0.004916 0.009876 0.003472
0.004616 0.005074 0.002948 0.001162 0.001632
0.006964 0.00927 0.00588 0.002652 0.003154
0.03803 0.04712 0.004502 0.02523 0.003074
0.004818 0.003632 0.001776 0.001508 0.000384
0.007532 0.008746 0.00275 0.00425 0.001826
0.004422 0.0051 0.007254 0.004426 0.011358
0.01687 0.013592 0.056658 0.007546 0.042786
0.000786 0.00092 0.00336 0.000668 0.00319
0.02139 0.012534 0.039964 0.005262 0.033622
0.004378 0.00284 0.009408 9e-04 0.005626
0.010372 0.004226 0.029514 0.001688 0.014336
0.001168 0.002552 0.002928 0.000614 0.003932
0.017642 0.02834 0.09065 0.00728 0.090658
0.000532 0.001018 0.003284 0.00024 0.002396
0.014746 0.023666 0.00263 0.020854 0.001126
0.003006 0.004218 0.001708 0.002292 0.000352
0.00644 0.00974 0.002408 0.006728 0.00087
GGGC
0.011498 0.019414 0.006396 0.011102 0.002752 0.0107
0.020864 0.03318 0.009844 0.031636 0.003706 0.016858
0.017886 0.031518 0.007864 0.023686 0.002554 0.01846
0.013598 0.020196 0.004054 0.017244 0.001036 0.010082
0.00861 0.013648 0.004402 0.029104 0.001146 0.006922
0.00389 0.002996 0.056982 0.004878 0.094176 0.002554
0.002762 0.002194 0.027354 0.005408 0.047384 0.002426
0.004324 0.00362 0.037926 0.004974 0.063542 0.003616
0.003702 0.002684 0.01109 0.004198 0.02265 0.002448
0.000754 0.000624 0.0041 0.003694 0.006818 0.000532
0.003966 0.00351 0.001316 0.00184 0.001928 0.004392
0.002234 0.00228 0.000706 0.003292 0.000926 0.002444
0.009772 0.008356 0.002388 0.007566 0.002522 0.00923
0.002386 0.001702 0.001016 0.003608 4e-04 0.001876
0.009562 0.009256 0.003498 0.04383 0.001694 0.008244
GGCC
0.034724 0.111858 0.009056
0.019124 0.045334 0.004876
0.008014 0.008284 0.00302
0.06063 0.048532 0.004806
0.039014 0.027152 0.00377
0.016444 0.011844 0.003306
0.040156 0.06491 0.014338
0.03503 0.04035 0.012876
0.026782 0.012742 0.01262
0.007618 0.01245 0.001556
0.004492 0.006162 0.000788
0.0541 0.02816 0.008644
0.0237 0.006574 0.024752
0.033744 0.00839 0.034892
0.006388 0.001558 0.01644
GCCG
0.046302 0.031716 0.034266 0.006038 0.015202
0.004972 0.005698 0.009158 0.00319 0.009798
0.028942 0.02053 0.020016 0.00317 0.00665
0.057466 0.043182 0.042752 0.006966 0.016152
0.017956 0.012842 0.013212 0.00226 0.007224
0.012484 0.010952 0.01467 0.001666 0.010354
0.00095 0.001012 0.001934 0.000504 0.002318
0.008484 0.007088 0.008846 0.00104 0.005228
0.011682 0.010052 0.013618 0.001544 0.008142
0.035734 0.040832 0.049188 0.006688 0.050984
0.003114 0.005148 0.005988 0.010234 0.003042
0.010636 0.01888 0.035712 0.069314 0.017948
0.000892 0.001118 0.000696 0.000872 0.000286
0.00232 0.003138 0.002262 0.003176 0.00094
0.002356 0.00331 0.007486 0.007308 0.00217
CCGG
0.082202 0.028828 0.01354
0.025088 0.00743 0.006178
0.026234 0.013868 0.007808
0.008306 0.001878 0.036686
0.021358 0.003184 0.096492
0.003152 0.001656 0.019312
0.0534 0.022142 0.002558
0.019514 0.006086 0.000978
0.006394 0.002458 0.000328
0.124432 0.034834 0.008394
0.031514 0.00657 0.002608
0.010572 0.003634 0.000834
0.005552 0.02001 0.001464
0.0015 0.0034 0.00075
0.046442 0.160016 0.020416
CGGG
0.012284 0.00491 0.00555 0.012428 0.009594
0.041552 0.01648 0.029852 0.062908 0.004524
0.03126 0.01062 0.019604 0.042862 0.006128
0.007194 0.00242 0.00391 0.00788 0.00317
0.03228 0.01244 0.019184 0.041582 0.00361
0.00706 0.024666 0.00375 0.00581 0.001782
0.009666 0.030702 0.007604 0.011646 0.000692
0.00848 0.027846 0.006158 0.009406 0.000874
0.00204 0.007616 0.001446 0.00185 0.001454
0.01145 0.030204 0.00762 0.01198 0.000848
0.006316 0.002732 0.000738 0.0011 0.034742
0.010794 0.0045 0.002826 0.005096 0.03018
0.012936 0.004648 0.002978 0.004902 0.03853
0.01277 0.009716 0.001446 0.001886 0.104844
0.005094 0.002524 0.001192 0.002056 0.018578
GGGT
0.005184 0.006892 0.001692
0.003962 0.00405 0.001736
0.014664 0.013382 0.016932
0.020956 0.018744 0.025268
0.032914 0.013458 0.008802
0.061928 0.022568 0.01627
0.04996 0.01982 0.023048
0.010514 0.004464 0.005276
0.022976 0.013018 0.008786
0.030326 0.013152 0.01344
0.043902 0.020202 0.030402
0.01327 0.006392 0.011366
0.008516 0.005712 0.034798
0.007906 0.004016 0.035086
0.006688 0.003774 0.05068
0.001464 0.000904 0.010098
0.027206 0.016066 0.003772
0.045486 0.025412 0.007128
0.027938 0.016 0.013022
0.008466 0.004624 0.005522
GGTG
0.007904 0.042096 0.030448 0.028176 0.036872
0.00422 0.008996 0.009676 0.012974 0.007534
0.001644 0.004082 0.004656 0.007876 0.002638
0.005924 0.080176 0.04027 0.024234 0.063818
0.000738 0.006446 0.004198 0.003138 0.005324
0.003086 0.014144 0.01245 0.019636 0.008884
0.008114 0.031692 0.029884 0.012132 0.018842
0.00187 0.008856 0.00634 0.002744 0.005618
0.034994 0.05228 0.058282 0.046266 0.0325
0.00933 0.008102 0.010462 0.00232 0.005652
0.006374 0.002732 0.00294 0.001832 0.002716
0.049264 0.00942 0.017626 0.008314 0.010244
GTGG
0.145496 0.0434 0.020896
0.214422 0.019844 0.0582
0.100664 0.025428 0.224322
0.035866 0.016594 0.094868
