AGAA
0.057304 0.0244 0.025286 0.040728 0.077438 0.078628
0.087906 0.061526 0.043308 0.041774 0.026814 0.112004
0.033726 0.029838 0.01944 0.015166 0.014342 0.030762
0.030578 0.03295 0.012378 0.009868 0.076088 0.017748
GAAA
0.116776 0.073322 0.019416
0.110782 0.02349 0.014442
0.037512 0.044862 0.018038
0.023238 0.06185 0.022448
0.030348 0.125578 0.038756
0.052152 0.156802 0.030188
AAAC
0.153002 0.217806
0.213314 0.27259
0.087208 0.05608
AACA
0.038308 0.080478 0.083984 0.15502 0.013628 0.082106
0.068338 0.074824 0.157808 0.02282 0.178276 0.04441
ACAG
0.009384 0.077966 0.019296
0.055898 0.082334 0.01707
0.218566 0.02021 0.003016
0.131332 0.03124 0.015268
0.02415 0.139612 0.028142
0.014834 0.075364 0.036318
CAGC
0.087484 0.196212 0.090906 0.037658 0.041904
0.047018 0.137558 0.036346 0.080748 0.125056
0.010778 0.016044 0.003996 0.038252 0.05004
AGCT
0.014028 0.04448 0.063358 0.023414
0.041138 0.164054 0.076654 0.067968
0.023688 0.057002 0.016196 0.034362
0.020476 0.048074 0.060912 0.027196
0.051986 0.078976 0.027438 0.0586
GCTC
0.098984 0.025564 0.01176 0.015008
0.23278 0.074072 0.026712 0.059022
0.142306 0.029544 0.045656 0.027052
0.062516 0.040144 0.103054 0.005826
CTCT
0.181624 0.088278 0.212486 0.054198
0.036368 0.00254 0.017062 0.113354
0.033144 0.003278 0.02467 0.12609
0.043678 0.00666 0.033072 0.023498
TCTG
0.055204 0.13042 0.042682 0.066508
0.008624 0.07111 0.013994 0.007028
0.101224 0.110312 0.029804 0.04595
0.075384 0.016828 0.11704 0.107888
