AATA
0.090864 0.006114 0.028026
0.34162 0.051442 0.155486
0.096732 0.00734 0.04236
0.030222 0.065476 0.084318
ATAA
0.151062 0.138892 0.1959 0.073584
0.002818 0.018522 0.053086 0.055946
0.043174 0.106454 0.112346 0.048216
TAAG
0.026954 0.1701
0.02841 0.235458
0.04394 0.317392
0.058558 0.119188
AAGT
0.043598 0.058086 0.020896 0.035282
0.270332 0.240294 0.106944 0.224568
AGTA
0.130918 0.018132 0.16488
0.035348 0.184174 0.078858
0.051468 0.020506 0.055866
0.146904 0.00466 0.108286
GTAC
0.07631 0.288328
0.185528 0.041944
0.301316 0.106574
TACC
0.314082 0.249072
0.211042 0.225804
ACCA
0.272662 0.02848 0.223982
0.146854 0.296532 0.03149
CCAG
0.22296 0.04712 0.149436
0.12551 0.049692 0.14981
0.035232 0.111926 0.108314
CAGG
0.035858 0.106308 0.134258 0.09086 0.016418
0.112524 0.025334 0.02907 0.032622 0.009188
0.112128 0.02555 0.025242 0.151468 0.093172
