ATTG
0.01947 0.019914 0.098922 0.03854
0.098004 0.03381 0.118074 0.009412
0.043902 0.073738 0.24923 0.02465
0.013802 0.008814 0.051198 0.09852
TTGG
0.009126 0.044592 0.01968 0.008424
0.001404 0.007476 0.003068 0.000798
9e-04 0.004596 0.002066 0.000694
0.00804 0.04134 0.019088 0.003886
0.005716 0.009532 0.018622 0.003712
0.004384 0.008826 0.019256 0.001654
0.004458 0.009338 0.019238 0.00144
0.005356 0.006114 0.016622 0.002008
0.011366 0.01162 0.024722 0.008656
0.032408 0.041842 0.087854 0.015148
0.050526 0.061098 0.128668 0.024838
0.004622 0.003514 0.007986 0.002556
0.004778 0.000922 0.0021 0.013158
0.003932 0.001196 0.002396 0.010822
0.029364 0.00722 0.019986 0.073568
0.000466 7.4e-05 0.000168 0.000972
TGGG
0.005186 0.001766 0.00299 0.000362
0.015466 0.005364 0.00631 0.005082
0.007118 0.005164 0.008136 0.00169
0.00535 0.00348 0.005844 0.001928
0.012058 0.008432 0.016786 0.002994
0.036644 0.013376 0.016298 0.008902
0.001886 0.003448 0.0152 0.001586
0.001468 0.002326 0.014078 0.00162
0.002838 0.008728 0.031848 0.002618
0.000648 0.005274 0.033742 0.003232
0.001566 0.008904 0.057802 0.007216
0.00434 0.00544 0.024582 0.002074
0.002108 0.006088 0.043856 0.02063
0.000866 0.003634 0.028752 0.015536
0.001868 0.007172 0.047822 0.02193
0.00059 0.00478 0.040734 0.01739
0.001518 0.009532 0.079706 0.045092
0.001306 0.003268 0.02426 0.00956
2e-04 6.4e-05 6.2e-05 0
0.004928 0.001682 0.001006 6e-05
0.004084 0.002388 0.00226 0.000116
0.000788 0.000542 0.000458 1.4e-05
0.001082 0.000832 0.001196 2e-05
0.061272 0.024592 0.013696 0.00147
GGGG
0.006736 0.01764 0.056878 0.000242
0.000404 0.001488 0.00484 1.2e-05
0.003002 0.00224 0.007702 7e-05
0.000162 0.000752 0.003262 2e-06
0.001316 0.000716 0.001768 0.000356
0.009408 0.003648 0.007584 0.003146
0.010924 0.00412 0.01217 0.001702
0.010574 0.011008 0.027266 0.002472
0.00734 0.020198 0.028188 0.003138
0.00722 0.012902 0.022094 0.00424
0.00405 0.00324 0.006986 0.000662
0.003498 0.009692 0.021524 0.000808
0.000282 0.000406 0.000796 2.4e-05
0.004668 0.00686 0.010546 0.001064
0.004516 0.00655 0.01032 0.000232
0.007136 0.02908 0.041832 0.000482
0.002628 0.004058 0.009212 0.000154
0.01333 0.034354 0.059304 0.001506
0.0131 0.01227 0.021102 0.000796
0.011212 0.024806 0.04623 0.000674
0.002324 0.001006 0.000632 0.003094
0.026662 0.008554 0.007636 0.03869
0.012188 0.004454 0.004986 0.01054
0.034046 0.022422 0.02514 0.048706
GGGA
0.00692 0.000668 0.005964 0.00046 0.003172 0.001318
0.056676 0.002256 0.038778 0.000458 0.00779 0.003946
0.010024 0.00053 0.006262 7.6e-05 0.000834 0.000868
0.007876 0.000702 0.00786 0.000514 0.004256 0.000924
0.001832 0.004988 0.012652 0.005984 0.029688 0.020292
0.003178 0.012554 0.020184 0.009896 0.043766 0.039448
0.000522 0.002498 0.003638 0.001272 0.005916 0.010702
0.001212 0.003746 0.009982 0.005986 0.029124 0.0111
0.007102 0.0148 0.008108 0.012312 0.025814 0.01583
0.002128 0.004022 0.002294 0.002922 0.007344 0.0044
0.003446 0.0093 0.00385 0.004978 0.010326 0.011058
0.000338 0.000794 0.000686 0.001406 0.003784 0.00088
0.003554 0.046252 0.03182 0.074092 0.07692 0.114694
0.000224 0.001258 0.001124 0.000784 0.001216 0.003794
0.000204 0.002628 0.001592 0.001104 0.001292 0.009082
0.000196 0.001182 0.000986 0.00255 0.003494 0.002744
GGAC
0.010792 0.042022 0.040038 0.166076
0.003642 0.011424 0.024574 0.108082
0.003368 0.018466 0.015598 0.062042
7e-04 0.003524 0.003756 0.011132
0.033674 0.03905 0.005554 0.001826
0.034372 0.02244 0.007908 0.003304
0.024426 0.042086 0.005754 0.00188
0.017432 0.02545 0.003894 0.00139
0.006964 0.008064 0.01498 0.005702
0.00573 0.005638 0.017946 0.006948
0.00453 0.008642 0.007834 0.002492
0.00137 0.002204 0.002198 0.00076
0.006284 0.023322 0.00177 0.002866
0.005604 0.009542 0.001672 0.002714
0.002444 0.012496 0.001386 0.001766
0.0078 0.01579 0.00306 0.003806
GACA
0.033082 0.017072 0.007052 0.00484
0.091292 0.030702 0.01063 0.014726
0.030318 0.002936 0.003588 0.001398
0.085898 0.02684 0.010522 0.0125
0.01336 0.001966 0.002702 0.00062
0.004978 0.000588 0.001216 0.000158
0.02129 0.019668 0.00601 0.0064
0.008088 0.006194 0.001378 0.002026
0.022836 0.005448 0.003722 0.001488
0.011758 0.008382 0.002716 0.00221
0.03832 0.01294 0.009742 0.003974
0.04543 0.015392 0.012694 0.003434
0.00218 0.004468 0.000826 0.00091
0.022034 0.027702 0.005446 0.007266
0.048306 0.016444 0.009824 0.004168
0.017064 0.018422 0.00434 0.00461
0.005866 0.003606 0.001714 0.00066
0.004024 0.003504 0.001348 0.000478
0.00347 0.014114 0.001362 0.00832
0.001292 0.003906 0.000394 0.001534
0.002654 0.00339 0.00054 0.00243
0.001568 0.004464 0.000522 0.00164
0.003378 0.009078 0.001122 0.008596
0.00675 0.013214 0.002592 0.007936
ACAC
0.017856 0.016934 0.002022 0.006788
0.0188 0.019128 0.002764 0.01258
0.02539 0.017306 0.003598 0.007898
0.075092 0.010462 0.032802 0.00431
0.007238 0.001104 0.002896 0.00043
0.06502 0.00612 0.02675 0.002386
0.017822 0.014542 0.040068 0.004254
0.007054 0.009844 0.010704 0.002436
0.013364 0.009108 0.02797 0.002324
0.058998 0.013346 0.018914 0.004718
0.012326 0.002892 0.00411 0.000986
0.064436 0.008828 0.021412 0.00249
0.006244 0.023236 0.003132 0.007242
0.004394 0.016716 0.003072 0.00636
0.00801 0.025024 0.005642 0.008572
0.001798 0.018852 0.002194 0.007618
0.004054 0.052176 0.005344 0.019298
0.001088 0.005922 0.001816 0.003576
CACT
0.019842 0.028904 0.018978 0.028944 0.012374 0.014654
0.023758 0.093762 0.057708 0.067032 0.02748 0.015808
0.019684 0.002776 0.006708 0.00495 0.007904 0.025654
0.033588 0.008892 0.02333 0.015364 0.022638 0.055218
0.0256 0.02897 0.013722 0.034786 0.01408 0.005412
0.028592 0.071306 0.039044 0.06238 0.033168 0.00699
ACTA
0.039286 0.019972 0.037798
0.034774 0.014888 0.048576
0.049636 0.032816 0.036196
0.102438 0.04479 0.081428
0.174958 0.1069 0.155116
0.008152 0.00734 0.004936
CTAC
0.097056 0.098238 0.118648
0.228656 0.436974 0.020428
