GAAC
0.129464 0.142952 0.054942
0.124036 0.099446 0.030674
0.064946 0.0772 0.121616
0.029508 0.049298 0.075918
AACT
0.16474 0.07912 0.104094
0.21255 0.054938 0.101408
0.160048 0.052142 0.07096
ACTC
0.061248 0.21533 0.26076
0.01971 0.066102 0.100388
0.132336 0.054586 0.08954
CTCA
0.065224 0.010618 0.023154 0.114298
0.18853 0.084524 0.0474 0.015564
0.13579 0.059608 0.239322 0.015968
TCAA
0.191742 0.125004 0.050766 0.022032
0.08326 0.049464 0.01398 0.008046
0.050754 0.009314 0.18283 0.066978
0.03889 0.058708 0.031308 0.016924
CAAA
0.128508 0.153812 0.02513 0.057196
0.114984 0.088692 0.014894 0.02392
0.03372 0.07352 0.052934 0.11871
0.01462 0.014916 0.013598 0.070846
AAAG
0.041644 0.072556 0.158664 0.018968
0.135352 0.108582 0.058842 0.028164
0.053736 0.038258 0.003 0.011562
0.098208 0.100256 0.01738 0.054828
AAGG
0.034426 0.253262 0.041252
0.048602 0.218166 0.052884
0.01513 0.195844 0.026912
0.081746 0.02802 0.003756
AGGT
0.035728 0.041982 0.035724 0.06647
0.133056 0.216808 0.164456 0.180972
0.012164 0.072928 0.01402 0.025692
GGTT
0.13597 0.044978
0.256634 0.075084
0.053538 0.160662
0.211088 0.062046
