AACG
0.033148 0.021112 0.10467 0.121838 0.020856
0.028728 0.140608 0.079104 0.013196 0.058742
0.021726 0.050756 0.068164 0.019994 0.038016
0.026386 0.083716 0.032358 0.009716 0.027166
ACGT
0.05739 0.012486 0.021992 0.013322 0.004798
0.013714 0.173254 0.01432 0.056914 0.03799
0.035594 0.055848 0.03677 0.090402 0.065682
0.07216 0.009006 0.052958 0.02339 0.00723
0.018086 0.063602 0.00832 0.032592 0.02218
CGTG
0.035228 0.051518 0.110198
0.219842 0.022716 0.071638
0.088912 0.008576 0.036872
0.14047 0.028444 0.047706
0.02872 0.089704 0.019456
GTGC
0.385446 0.022096 0.10563
0.01075 0.14327 0.046938
0.08626 0.075312 0.124298
TGCT
0.089332 0.133942 0.050662 0.068374 0.055766 0.08438
0.04375 0.057662 0.033788 0.028636 0.04163 0.035212
0.038664 0.088142 0.045462 0.02995 0.026102 0.048546
GCTA
0.019396 0.03936 0.051522 0.023666 0.037802
0.067404 0.148912 0.047756 0.006544 0.00913
0.039798 0.058714 0.0119 0.002894 0.016606
0.00281 0.002814 0.037232 0.02777 0.056334
0.005336 0.002904 0.022628 0.015134 0.077496
0.007276 0.005774 0.034994 0.02634 0.093754
CTAT
0.030626 0.033092 0.027882 0.05042
0.027014 0.049304 0.136078 0.046082
0.041374 0.020548 0.050828 0.093282
0.039446 0.009022 0.006012 0.047868
0.101552 0.01918 0.012044 0.158346
TATG
0.121816 0.035702 0.052274 0.03022
0.052768 0.032386 0.019626 0.026366
0.034712 0.117348 0.053708 0.027076
0.043462 0.218854 0.087848 0.045834
ATGG
0.142466 0.011594 0.098698
0.074634 0.32204 0.007616
0.06777 0.117898 0.027788
0.092932 0.014052 0.022512
TGGA
0.057108 0.03172 0.138482 0.02779 0.122702
0.142464 0.121394 0.083072 0.093976 0.024678
0.016442 0.001194 0.01651 0.001464 0.121004
