ATTG
0.01947 0.019914 0.098922 0.03854
0.098004 0.03381 0.118074 0.009412
0.043902 0.073738 0.24923 0.02465
0.013802 0.008814 0.051198 0.09852
TTGG
0.081822 0.012746 0.008256 0.072354
0.037582 0.03412 0.034474 0.0301
0.056364 0.177252 0.26513 0.018678
0.020958 0.018346 0.130138 0.00168
TGGG
0.010304 0.032222 0.022108 0.016602 0.04027 0.07522
0.02212 0.019492 0.046032 0.042896 0.075488 0.036436
0.072682 0.048788 0.078792 0.063494 0.135848 0.038394
0.000326 0.007676 0.008848 0.001802 0.00313 0.10103
GGGG
0.081496 0.006744 0.013014 0.004178
0.004156 0.023786 0.028916 0.05132
0.058864 0.046456 0.014938 0.035522
0.001508 0.023138 0.021618 0.07853
0.016052 0.108494 0.047268 0.082922
0.007056 0.081542 0.032168 0.130314
GGGA
0.018502 0.109904 0.018594 0.022132
0.075436 0.129026 0.024548 0.06115
0.083966 0.02311 0.042958 0.007888
0.347332 0.0084 0.015902 0.011152
GGAC
0.258928 0.147722 0.099474 0.019112
0.080104 0.068024 0.074146 0.048166
0.03571 0.036262 0.023498 0.006532
0.034242 0.019532 0.018092 0.030456
GACA
0.062046 0.14735 0.03824 0.13576 0.018648 0.00694
0.053368 0.017686 0.033494 0.025066 0.064976 0.07695
0.008384 0.062448 0.078742 0.044436 0.011846 0.009354
0.027266 0.007126 0.009014 0.008194 0.022174 0.030492
ACAC
0.0436 0.053272 0.054192
0.122666 0.011668 0.100276
0.076686 0.030038 0.052766
0.095976 0.020314 0.097166
0.039854 0.030542 0.047248
0.030462 0.080872 0.012402
CACT
0.123696 0.285548
0.067676 0.15903
0.12257 0.24148
ACTA
0.097056 0.098238 0.118648
0.228656 0.436974 0.020428
