GAAC
0.129464 0.142952 0.054942
0.124036 0.099446 0.030674
0.064946 0.0772 0.121616
0.029508 0.049298 0.075918
AACT
0.059972 0.056644 0.031394 0.01673
0.031232 0.026756 0.015022 0.00611
0.03826 0.040636 0.01853 0.006668
0.080658 0.05401 0.044458 0.033424
0.020794 0.015228 0.012472 0.006444
0.0415 0.030208 0.02027 0.00943
0.028032 0.013378 0.069584 0.049054
0.011816 0.007418 0.021598 0.01131
0.015094 0.009878 0.030434 0.015554
ACTC
0.02046 0.02783 0.012958
0.064914 0.08448 0.065936
0.079366 0.10024 0.081154
0.008658 0.007058 0.003994
0.026902 0.020094 0.019106
0.04356 0.027786 0.029042
0.050872 0.054904 0.02656
0.020496 0.016834 0.017256
0.032726 0.02967 0.027144
CTCA
0.022178 0.005984 0.037062
0.004616 0.000864 0.005138
0.006018 0.002156 0.01498
0.028436 0.010706 0.075156
0.121236 0.037226 0.030068
0.054194 0.015916 0.014414
0.031322 0.008128 0.00795
0.008578 0.004832 0.002154
0.075996 0.032316 0.027478
0.033704 0.013694 0.01221
0.142956 0.050012 0.046354
0.008104 0.004366 0.003498
TCAA
0.029462 0.093342 0.068938
0.02061 0.059724 0.04467
0.011392 0.024092 0.015282
0.00376 0.011372 0.0069
0.005788 0.044818 0.032654
0.00372 0.02511 0.020634
0.000696 0.009386 0.003898
0.000414 0.00521 0.002422
0.004004 0.00667 0.04008
0.000658 0.001178 0.007478
0.014076 0.0273 0.141454
0.004416 0.012252 0.05031
0.03098 0.003916 0.003994
0.0462 0.00754 0.004968
0.024622 0.002396 0.00429
0.012496 0.001712 0.002716
CAAA
0.065528 0.028 0.018162 0.016818
0.0836 0.036336 0.021674 0.012202
0.012678 0.005946 0.004148 0.002358
0.029936 0.012978 0.00677 0.007512
0.057382 0.021838 0.00494 0.030824
0.046608 0.019298 0.003122 0.019664
0.008428 0.003284 0.000614 0.002568
0.012586 0.005044 0.000638 0.005652
0.006988 0.001938 0.020496 0.004298
0.0143 0.003924 0.04993 0.005366
0.008264 0.002362 0.037168 0.00514
0.021214 0.005756 0.075236 0.016504
0.003474 0.001472 0.007116 0.002558
0.003656 0.001572 0.007854 0.001834
0.002426 0.000748 0.008302 0.002122
0.012476 0.004254 0.043706 0.01041
AAAG
0.019556 0.015332 0.005266 0.00149
0.03348 0.029038 0.007194 0.002844
0.06722 0.063416 0.018568 0.00946
0.008252 0.007198 0.002692 0.000826
0.065628 0.034812 0.030588 0.004324
0.051892 0.029436 0.022516 0.004738
0.023284 0.015882 0.014706 0.00497
0.013008 0.008562 0.00571 0.000884
0.01251 0.00695 0.028486 0.00579
0.008864 0.004722 0.019126 0.005546
0.000548 0.000334 0.00139 0.000728
0.003208 0.002888 0.003932 0.001534
0.019432 0.00735 0.04805 0.023376
0.020942 0.007828 0.043978 0.027508
0.00279 0.00123 0.006576 0.006784
0.014032 0.007512 0.020106 0.013178
AAGG
0.005246 0.01475 0.004876 0.009554
0.031764 0.102978 0.042242 0.076278
0.004634 0.017624 0.006618 0.012376
0.010544 0.015884 0.005974 0.0162
0.052354 0.074176 0.026058 0.065578
0.009658 0.018522 0.006226 0.018478
0.010194 0.00321 0.000306 0.00142
0.13294 0.049158 0.002006 0.01174
0.01553 0.006474 0.000688 0.00422
0.012886 0.020728 0.008322 0.03981
0.005446 0.006322 0.00291 0.013342
0.000636 0.001114 0.00033 0.001676
AGGT
0.006032 0.00851 0.002618 0.018568
0.0105 0.016054 0.006158 0.00927
0.005172 0.0091 0.003394 0.018058
0.012722 0.014938 0.00296 0.03585
0.045008 0.04158 0.040936 0.005532
0.081734 0.070898 0.056422 0.007754
0.058964 0.052474 0.046574 0.006444
0.067556 0.053214 0.051912 0.00829
0.003904 0.004674 0.003182 0.000404
0.023798 0.033914 0.013748 0.001468
0.004658 0.005186 0.003468 0.000708
0.008892 0.00911 0.006514 0.001176
GGTT
0.031374 0.096346 0.00825
0.004354 0.03671 0.003914
0.035098 0.163314 0.058222
0.006884 0.053494 0.014706
0.019492 0.031494 0.002552
0.016232 0.132962 0.011468
0.057626 0.13586 0.017602
0.008844 0.045112 0.00809
GTTG
0.13597 0.044978
0.256634 0.075084
0.053538 0.160662
0.211088 0.062046
