TACG
0.052072 0.011228 0.008742 0.103082 0.009512
0.04855 0.095994 0.060806 0.045136 0.075074
0.040198 0.04193 0.024034 0.051498 0.040422
0.033872 0.02716 0.00986 0.217386 0.003444
ACGC
0.011642 0.004448 0.006702 0.007612
0.00482 0.003658 0.003584 0.003626
0.01767 0.024452 0.016156 0.011268
0.011242 0.010144 0.007824 0.006984
0.006698 0.005848 0.005932 0.004382
0.002076 0.008402 0.006384 0.005742
0.001722 0.014606 0.008428 0.00599
0.000934 0.007774 0.003722 0.001274
0.001248 0.01032 0.005124 0.003124
0.005248 0.054892 0.018272 0.01103
0.002078 0.006212 0.00363 0.002662
0.000888 0.00534 0.002676 0.00124
0.002778 0.02612 0.008454 0.002716
0.001596 0.013032 0.005348 0.002064
0.001402 0.010102 0.003926 0.001178
0.030084 0.005502 0.011928 0.061682
0.01681 0.00708 0.008518 0.032798
0.015296 0.010476 0.009396 0.046462
0.035418 0.019622 0.018766 0.065292
0.005474 0.002456 0.00289 0.011152
0.000828 0.003642 0.002352 0.000348
0.000616 0.004734 0.00259 0.000192
0.001006 0.008852 0.005758 0.000374
0.000432 0.002592 0.00138 0.000128
0.00663 0.055254 0.028342 0.002402
CGCG
0.011328 0.00907 0.007148 0.030308 0.002626
0.005008 0.00233 0.003214 0.011182 0.000688
0.014068 0.011204 0.00422 0.067706 0.003856
0.013028 0.021636 0.008384 0.048754 0.00632
0.0018 0.003716 0.001454 0.009518 0.000638
0.00086 0.005394 0.000306 0.006934 0.001174
0.006478 0.002184 0.004736 0.004604 0.001726
0.053582 0.009422 0.033664 0.071998 0.007502
0.009486 0.002098 0.001668 0.005028 0.006762
0.01164 0.006312 0.006986 0.032882 0.001652
0.023926 0.012468 0.01476 0.101642 0.002422
0.000628 0.001036 0.000294 0.004574 0.000458
0.009388 0.04474 0.009856 0.00978 0.025424
0.004132 0.014232 0.00398 0.005122 0.00932
0.00934 0.03047 0.002772 0.00707 0.057884
GCGG
0.03609 0.065914 0.011104 0.04055 0.062126
0.009238 0.008262 0.002548 0.004732 0.012592
0.009254 0.016904 0.004336 0.011208 0.013922
0.005898 0.007042 0.00174 0.002982 0.010548
0.000712 0.000654 0.0075 0.005878 0.001654
0.01204 0.005416 0.082602 0.043922 0.018194
0.003152 0.00421 0.046244 0.049502 0.0047
0.006518 0.006846 0.039822 0.055916 0.012238
0.04812 0.008472 0.0132 0.00375 0.073494
0.04704 0.005016 0.009008 0.002586 0.02515
0.004286 0.000846 0.002292 0.00047 0.00562
0.001608 0.000334 0.000542 0.000184 0.003272
CGGA
0.05115 0.004236 0.036852
0.04499 0.002526 0.029096
0.046884 0.002754 0.02803
0.008964 0.00151 0.005026
0.046006 0.002636 0.033152
0.013176 0.001414 0.012304
0.004614 0.001322 0.002576
0.003558 0.014166 0.005122
0.002008 0.002124 0.004222
0.004318 0.00579 0.018024
0.005474 0.040422 0.008532
0.004118 0.012322 0.00824
0.012366 0.057068 0.028512
0.00553 0.030282 0.016148
0.007042 0.019036 0.001024
0.008582 0.016802 0.00165
0.014658 0.018396 0.0044
0.002622 0.006192 0.00058
0.009662 0.019442 0.001748
0.009468 0.020232 0.0028
0.00359 0.007708 0.001312
0.000536 0.002188 4e-05
0.000232 0.000356 4.4e-05
0.001492 0.002654 0.000912
0.006028 0.028756 0.001004
0.000814 0.002404 0.000194
0.00572 0.025488 0.001176
0.013388 0.059494 0.00257
GGAT
0.009878 0.003826 0.00279 0.000498
0.04993 0.013406 0.01042 0.001494
0.03243 0.005614 0.013892 0.000772
0.01805 0.002032 0.00656 0.000178
0.047742 0.004556 0.01367 0.000354
0.01082 0.001766 0.006804 1e-04
0.02096 0.006022 0.011338 0.00187
0.045626 0.013858 0.020258 0.002374
0.011082 0.008252 0.005858 0.000814
0.003126 0.0144 0.002108 0.009986
0.01021 0.034336 0.00555 0.022126
0.002164 0.005692 0.001736 0.003676
0.014702 0.006266 0.006538 0.001024
0.058972 0.015452 0.018042 0.001988
0.00812 0.002962 0.006272 4e-04
0.005726 0.024718 0.008088 0.010704
0.018652 0.063258 0.02022 0.019596
0.002516 0.00997 0.004192 0.002084
0.002098 0.012242 0.00228 0.021762
0.005266 0.03353 0.00821 0.047522
0.001148 0.006188 0.00212 0.006168
GATC
0.002942 0.004108 0.006974 0.005406 0.004724 0.008438 0.006492
0.003386 0.005016 0.00528 0.003444 0.004456 0.006558 0.0045
0.004642 0.007676 0.012542 0.010476 0.008986 0.016138 0.013932
0.002842 0.004622 0.005704 0.004044 0.003928 0.00602 0.004018
0.00318 0.005398 0.00969 0.00625 0.006436 0.012082 0.00944
0.01189 0.008936 0.012754 0.010798 0.014292 0.01876 0.014338
0.02126 0.019228 0.016458 0.015178 0.02028 0.023554 0.017628
0.021172 0.018672 0.025314 0.028074 0.032976 0.04321 0.033614
0.009392 0.0093 0.008548 0.006406 0.009408 0.009724 0.006992
0.011536 0.010186 0.019042 0.011766 0.017498 0.026478 0.021956
0.009606 0.003114 0.003408 0.001826 0.003082 0.00298 0.00238
0.012744 0.004834 0.004902 0.004116 0.003862 0.004082 0.0043
0.01053 0.003662 0.004478 0.002526 0.003758 0.003576 0.002586
0.008644 0.003848 0.006004 0.002422 0.00275 0.00279 0.002562
0.011184 0.004032 0.007214 0.002378 0.004302 0.005334 0.003796
ATCG
0.017636 0.041586 0.013626
0.011286 0.027076 0.006862
0.001452 0.004722 0.001844
0.00871 0.018384 0.004064
0.000178 0.000566 0.00024
0.003032 0.00755 0.003056
0.0254 0.114008 0.031774
0.00403 0.011462 0.00377
0.00415 0.010368 0.00247
0.03484 0.090614 0.013852
0.009942 0.042788 0.006594
0.02546 0.059262 0.0082
0.003044 0.004852 0.003688
0.004252 0.006668 0.0033
0.018852 0.04061 0.018762
0.00503 0.00764 0.00327
0.024646 0.051478 0.013828
0.017564 0.045684 0.016422
0.002184 0.00685 0.004202
0.008082 0.01445 0.003788
TCGA
0.017982 0.000136 0.00382 0.002346 0.020458
0.00446 0.000152 0.001466 0.000948 0.006754
0.050406 0.000696 0.011702 0.00829 0.06274
0.025752 0.006896 0.073462 0.007402 0.044028
0.014962 0.00426 0.049996 0.004544 0.026258
0.00451 0.002482 0.015848 0.002274 0.009384
0.001268 0.010152 0.004286 0.006912 0.001412
0.006286 0.151 0.052292 0.064864 0.010224
0.000464 0.01003 0.002746 0.006448 0.0016
0.017794 0.009726 0.049234 0.008524 0.014774
0.012274 0.008376 0.039624 0.006684 0.010508
0.00109 0.00116 0.004064 0.000732 0.001038
CGAG
0.02406 0.05258 0.008244 0.033868
0.00792 0.050382 0.007798 0.033576
0.006314 0.029914 0.003812 0.017246
0.002086 0.011044 0.00198 0.006956
0.004362 0.01362 0.002196 0.008406
0.005516 0.028098 0.088706 0.026182
0.002468 0.028642 0.077774 0.020292
0.00259 0.02212 0.06006 0.01601
0.001126 0.006028 0.016774 0.003854
0.00208 0.015132 0.041352 0.011128
0.02769 0.004822 0.002268 0.001136
0.036624 0.0118 0.004574 0.003354
0.008 0.00237 0.001696 0.000636
0.059262 0.014862 0.012098 0.002812
0.002258 0.000644 0.000652 0.000146
GAGA
0.118752 0.099676 0.057286 0.022066 0.028584
0.148502 0.129176 0.10078 0.027782 0.069692
0.035916 0.056352 0.012702 0.089034 0.0037
