AACG 
0.10989842 0.06999443 0.3470215 0.40394000 0.06914569
0.08966908 0.43888157 0.2469083 0.04118885 0.18335217
0.10936493 0.25549694 0.3431258 0.10064634 0.19136598
0.14712672 0.46679528 0.1804262 0.05417582 0.15147595
ACGT
0.53740799 0.44980507 0.51514315 0.58599257
0.09659708 0.14578112 0.10927000 0.10316077
0.23138651 0.19291284 0.19543404 0.17183355
0.10456136 0.14759120 0.13532173 0.10141742
0.03004706 0.06390977 0.04483108 0.03759569
0.07389163 0.03947144 0.05331389 0.04656219
0.46816976 0.59367888 0.56619907 0.61106598
0.09615385 0.04621359 0.05319568 0.03693440
0.24232664 0.19178141 0.20687209 0.17119786
0.11945813 0.12885469 0.12041926 0.13423957
0.1604662 0.08146238 0.1046300 0.16138204
0.1713385 0.21465413 0.2189132 0.18579640
0.1882870 0.08543184 0.1210316 0.06347735
0.3091048 0.32855481 0.3454903 0.26293343
0.1708035 0.28989684 0.2099349 0.32641078
0.45813293 0.31676266 0.34720416 0.53725813
0.04591343 0.09199758 0.08242473 0.05660766
0.33954924 0.26598969 0.31189357 0.18958419
0.12469016 0.22097605 0.19925978 0.13359407
0.03171424 0.10427402 0.05921777 0.08295595
0.19006521 0.08617344 0.12815657 0.15416329
0.38099348 0.45585782 0.43287037 0.45726275
0.08045646 0.05365837 0.05545034 0.05087241
0.22823168 0.23584488 0.23747896 0.18221306
0.12025316 0.16846549 0.14604377 0.15548848
CGTG
0.1209967 0.2327548 0.2437489 0.1892738 0.1524936
0.2698728 0.3624034 0.2704388 0.2143016 0.3300896
0.6091305 0.4048418 0.4858122 0.5964246 0.5174168
0.66202146 0.70369515 0.6816001 0.6640018 0.7171473
0.05974692 0.06121648 0.1187151 0.1063735 0.0593692
0.27823162 0.23508837 0.1996849 0.2296247 0.2234835
0.61385959 0.61787709 0.67522437 0.6889988 0.63076923
0.06566024 0.07918994 0.07337503 0.0507572 0.07355769
0.32048017 0.30293296 0.25140060 0.2602440 0.29567308
0.6189761 0.6297572 0.6594102 0.6462591 0.6643962
0.1065906 0.1346945 0.1386031 0.1298846 0.1162862
0.2744333 0.2355484 0.2019867 0.2238563 0.2193176
0.2171738 0.1938931 0.1957918 0.2002766 0.2706943
0.5619008 0.6748618 0.6727566 0.6367911 0.5670875
0.2209254 0.1312451 0.1314515 0.1629322 0.1622182
GTGC
0.79607131 0.70668025 0.80578550 0.77662134 0.74192201
0.02957874 0.06020688 0.02060464 0.03204955 0.05167131
0.17434995 0.23311287 0.17360986 0.19132911 0.20640669
0.04056835 0.07571756 0.1858675 0.08121221 0.03384464
0.70557863 0.66666667 0.5086287 0.66826044 0.76257469
0.25385302 0.25761578 0.3055037 0.25052735 0.20358067
0.2821648 0.2694938 0.3638533 0.3441496 0.3097245
0.2578087 0.3132974 0.2049251 0.2347713 0.2930715
0.4600265 0.4172087 0.4312215 0.4210791 0.3972039
TGCT
0.18784473 0.1376744 0.1790865
0.28046471 0.1486512 0.2810109
0.09798519 0.1300465 0.1332715
0.14434188 0.1678140 0.1267563
0.11238410 0.1951628 0.1199861
0.17697940 0.2206512 0.1598887
0.1672701 0.1837789 0.1822286
0.3195148 0.2090877 0.2741396
0.1323316 0.1504013 0.1236987
0.1037292 0.1268235 0.1085352
0.1207458 0.1920709 0.1519545
0.1564084 0.1378376 0.1594434
0.15520212 0.1167924 0.13506251
0.35364953 0.1562913 0.34956315
0.11809145 0.2221228 0.18151539
0.11434252 0.1328561 0.09361373
0.06551169 0.1813882 0.08582600
0.19320269 0.1905492 0.15441922
GCTA
0.1487037 0.04310857 0.1093006
0.3131017 0.05856000 0.2283261
0.2796758 0.31382857 0.3312642
0.1092554 0.19570286 0.1382164
0.1492634 0.38880000 0.1928926
0.24262741 0.23221532 0.24410610
0.57248660 0.47237349 0.51047174
0.14516731 0.19988901 0.19044269
0.01784354 0.03385245 0.02498241
0.02187514 0.06166973 0.02999705
0.24775966 0.3403575 0.34635520
0.55970945 0.3352670 0.41859135
0.06647981 0.1221736 0.09687211
0.01918598 0.0288268 0.02085258
0.10686511 0.1733752 0.11732876
0.02579928 0.015225590 0.02036728
0.02790534 0.009149323 0.02150250
0.28894024 0.270428831 0.32494157
0.21391172 0.223285375 0.22537563
0.44344341 0.481910881 0.40781302
0.05630671 0.025318280 0.04375144
0.03765735 0.006773961 0.01999847
0.16863322 0.190920010 0.20213010
0.11207546 0.136392025 0.12282584
0.62532726 0.640595724 0.61129415
0.05664849 0.021299557 0.03596589
0.04733349 0.009485403 0.02978618
0.19421664 0.203339771 0.23577638
0.13880066 0.178064296 0.17216660
0.56300071 0.587810974 0.52630495
CTAT
0.2588163 0.2153285 0.1900598 0.2249110 0.2312594 0.2284222
0.2558259 0.2406385 0.2177496 0.2384342 0.1660420 0.2319956
0.1988039 0.2080292 0.1863913 0.1950178 0.1150675 0.1957119
0.2865539 0.3360038 0.4057993 0.3416370 0.4876312 0.3438703
0.09837398 0.1059283 0.1098545 0.06751955 0.1046832 0.07343263
0.19949187 0.1993526 0.1674899 0.15849325 0.1735537 0.17007274
0.53668699 0.5216504 0.5168103 0.64889837 0.5220386 0.62140630
0.16544715 0.1730687 0.2058453 0.12508884 0.1997245 0.13508833
0.2353946 0.17786247 0.16067227 0.2115385 0.17359024 0.2010630
0.1109429 0.08886841 0.08319328 0.1058767 0.09377762 0.1009887
0.2268545 0.23657760 0.24067227 0.2405995 0.27673679 0.2788478
0.4268080 0.49669152 0.51546218 0.4419854 0.45589535 0.4191004
0.43066002 0.32915648 0.23082239 0.41281959 0.31571296 0.38686409
0.08653765 0.08037897 0.07325501 0.08664026 0.08695652 0.09544419
0.05121271 0.08160147 0.05736006 0.05027008 0.06237611 0.06681853
0.43158962 0.50886308 0.63856254 0.45027008 0.53495441 0.45087320
0.37818105 0.32070099 0.31338071 0.37962864 0.32546196 0.34682254
0.06925559 0.06637459 0.04636878 0.07427131 0.05695778 0.07026900
0.03793450 0.04950712 0.04420089 0.03823623 0.03765356 0.04641935
0.51462886 0.56341731 0.59604962 0.50786381 0.57992671 0.53648911
TATG
0.5694508 0.5737766 0.5553729 0.5080363 0.4515716
0.1069679 0.1034279 0.1117610 0.1579374 0.1849102
0.1820675 0.1762049 0.2027360 0.2082847 0.2494683
0.1415137 0.1465907 0.1301300 0.1257415 0.1140499
0.4262057 0.4460490 0.3739537 0.3411660 0.3081335
0.2305693 0.2115447 0.2631886 0.2886278 0.3291971
0.1545993 0.1458705 0.1474596 0.1514077 0.1523462
0.1886256 0.1965358 0.2153981 0.2187985 0.2103233
0.1862851 0.1586737 0.1236326 0.1114438 0.08070409
0.4709849 0.4922324 0.5227040 0.5385895 0.61673863
0.2026397 0.2357324 0.2432124 0.2129075 0.19412155
0.1400904 0.1133615 0.1104509 0.1370592 0.10843574
0.1094804 0.1570678 0.1408203 0.1123924 0.07697068
0.5576755 0.4511089 0.4840376 0.5434946 0.62382378
0.2305434 0.2759429 0.2384168 0.2218601 0.19355083
0.1023007 0.1158804 0.1367252 0.1222529 0.10565471
ATGG
0.59243449 0.55582929 0.4974072 0.54534996
0.04585605 0.04722559 0.0428094 0.04670747
0.36170946 0.39694512 0.4597834 0.40794257
0.19802812 0.18600630 0.15475338 0.19821433
0.78124475 0.79342926 0.82457306 0.78449560
0.02072713 0.02056444 0.02067355 0.01729007
0.3090638 0.3126465 0.2861399 0.3427511
0.5667827 0.5530419 0.5818872 0.5254986
0.1241535 0.1343116 0.1319729 0.1317503
0.73507611 0.7275279 0.6935293 0.7147096
0.09437459 0.0936054 0.1115379 0.1246236
0.17054931 0.1788667 0.1949328 0.1606668
TGGA
0.14475033 0.1805879 0.21696916 0.08935566
0.09155869 0.1007048 0.08449166 0.05847286
0.34373114 0.3579334 0.32170577 0.44113976
0.06200778 0.1164349 0.09541095 0.04089011
0.35795207 0.2443390 0.28142246 0.37014161
0.3605313 0.28508260 0.3564776 0.31653857
0.2903226 0.27577941 0.2139985 0.28366069
0.1242022 0.18435598 0.1687560 0.16837461
0.1104019 0.20658303 0.2026328 0.16211215
0.1145420 0.04819898 0.0581350 0.06931398
0.077671280 0.24185924 0.19267310 0.070184790
0.005572555 0.01759454 0.01482654 0.004353234
0.102170257 0.10950630 0.09939542 0.125710732
0.004417516 0.03046218 0.02432705 0.005330490
0.810168392 0.60057773 0.66877789 0.794420753
GGAA
0.1511585 0.08395932 0.3665465 0.073557048 0.3247786
0.3059899 0.26073490 0.1784254 0.201845424 0.0530044
0.1049842 0.00762384 0.1054184 0.009347823 0.7726257
