AACG
0.033148 0.021112 0.10467 0.121838 0.020856
0.028728 0.140608 0.079104 0.013196 0.058742
0.021726 0.050756 0.068164 0.019994 0.038016
0.026386 0.083716 0.032358 0.009716 0.027166
ACGT
0.017814 0.012922 0.011192 0.015462
0.003202 0.004188 0.002374 0.002722
0.00767 0.005542 0.004246 0.004534
0.003466 0.00424 0.00294 0.002676
0.000996 0.001836 0.000974 0.000992
0.00156 0.00555 0.002706 0.003898
0.009884 0.083476 0.028738 0.051156
0.00203 0.006498 0.0027 0.003092
0.005116 0.026966 0.0105 0.014332
0.002522 0.018118 0.006112 0.011238
0.016796 0.006444 0.007132 0.005222
0.017934 0.01698 0.014922 0.006012
0.019708 0.006758 0.00825 0.002054
0.032354 0.02599 0.02355 0.008508
0.017878 0.022932 0.01431 0.010562
0.055818 0.00418 0.006942 0.00522
0.005594 0.001214 0.001648 0.00055
0.04137 0.00351 0.006236 0.001842
0.015192 0.002916 0.003984 0.001298
0.003864 0.001376 0.001184 0.000806
0.003964 0.005062 0.004872 0.004188
0.007946 0.026778 0.016456 0.012422
0.001678 0.003152 0.002108 0.001382
0.00476 0.013854 0.009028 0.00495
0.002508 0.009896 0.005552 0.004224
CGTG
0.006944 0.003192 0.008676 0.013658 0.002758
0.015488 0.00497 0.009626 0.015464 0.00597
0.034958 0.005552 0.017292 0.043038 0.009358
0.008266 0.121918 0.038066 0.00598 0.045612
0.000746 0.010606 0.00663 0.000958 0.003776
0.003474 0.04073 0.011152 0.002068 0.014214
0.0135 0.008848 0.024828 0.036488 0.005248
0.001444 0.001134 0.002698 0.002688 0.000612
0.007048 0.004338 0.009244 0.013782 0.00246
0.008246 0.035842 0.059612 0.015116 0.021654
0.00142 0.007666 0.01253 0.003038 0.00379
0.003656 0.013406 0.01826 0.005236 0.007148
0.001042 0.007366 0.01286 0.001448 0.006004
0.002696 0.025638 0.044188 0.004604 0.012578
0.00106 0.004986 0.008634 0.001178 0.003598
GTGC
0.028044 0.155358 0.071644 0.109092 0.021308
0.001042 0.013236 0.001832 0.004502 0.001484
0.006142 0.051248 0.015436 0.026876 0.005928
0.00209 0.00172 0.001594 0.00231 0.003036
0.03635 0.015144 0.004362 0.019008 0.068406
0.013078 0.005852 0.00262 0.007126 0.018262
0.031094 0.019306 0.013416 0.016418 0.006026
0.02841 0.022444 0.007556 0.0112 0.005702
0.050694 0.029888 0.0159 0.020088 0.007728
TGCT
0.072404 0.00148 0.015448
0.108104 0.001598 0.02424
0.037768 0.001398 0.011496
0.055636 0.001804 0.010934
0.043318 0.002098 0.01035
0.068216 0.002372 0.013792
0.003696 0.02633 0.013724
0.00706 0.029956 0.020646
0.002924 0.021548 0.009316
0.002292 0.01817 0.008174
0.002668 0.027518 0.011444
0.003456 0.019748 0.012008
0.016394 0.005482 0.016788
0.037356 0.007336 0.04345
0.012474 0.010426 0.022562
0.012078 0.006236 0.011636
0.00692 0.008514 0.010668
0.020408 0.008944 0.019194
GCTA
0.013284 0.001886 0.004226
0.02797 0.002562 0.008828
0.024984 0.01373 0.012808
0.00976 0.008562 0.005344
0.013334 0.01701 0.007458
0.032498 0.01339 0.021516
0.07668 0.027238 0.044994
0.019444 0.011526 0.016786
0.00239 0.001952 0.002202
0.00293 0.003556 0.002644
0.012552 0.0115 0.015746
0.028356 0.011328 0.01903
0.003368 0.004128 0.004404
0.000972 0.000974 0.000948
0.005414 0.005858 0.005334
0.001764 0.000436 0.00061
0.001908 0.000262 0.000644
0.019756 0.007744 0.009732
0.014626 0.006394 0.00675
0.03032 0.0138 0.012214
0.00314 0.001054 0.001142
0.0021 0.000282 0.000522
0.009404 0.007948 0.005276
0.00625 0.005678 0.003206
0.034872 0.026668 0.015956
0.00478 0.00075 0.001746
0.003994 0.000334 0.001446
0.016388 0.00716 0.011446
0.011712 0.00627 0.008358
0.047506 0.020698 0.02555
CTAT
0.00502 0.014514 0.007564 0.000632 0.001234 0.001662
0.004962 0.01622 0.008666 0.00067 0.000886 0.001688
0.003856 0.014022 0.007418 0.000548 0.000614 0.001424
0.005558 0.022648 0.01615 0.00096 0.002602 0.002502
0.003872 0.015774 0.00645 0.00019 0.000304 0.000424
0.007852 0.029686 0.009834 0.000446 0.000504 0.000982
0.021124 0.07768 0.030344 0.001826 0.001516 0.003588
0.006512 0.025772 0.012086 0.000352 0.00058 0.00078
0.012128 0.008494 0.001912 0.007876 0.003928 0.007036
0.005716 0.004244 0.00099 0.003942 0.002122 0.003534
0.011688 0.011298 0.002864 0.008958 0.006262 0.009758
0.02199 0.02372 0.006134 0.016456 0.010316 0.014666
0.010192 0.002154 0.000668 0.011464 0.004778 0.01019
0.002048 0.000526 0.000212 0.002406 0.001316 0.002514
0.001212 0.000534 0.000166 0.001396 0.000944 0.00176
0.010214 0.00333 0.001848 0.012504 0.008096 0.011876
0.014296 0.002928 0.005204 0.021386 0.025222 0.032516
0.002618 0.000606 0.00077 0.004184 0.004414 0.006588
0.001434 0.000452 0.000734 0.002154 0.002918 0.004352
0.019454 0.005144 0.009898 0.02861 0.044942 0.050298
TATG
0.01744 0.0155 0.022978 0.02004 0.045858
0.003276 0.002794 0.004624 0.00623 0.018778
0.005576 0.00476 0.008388 0.008216 0.025334
0.004334 0.00396 0.005384 0.00496 0.011582
0.014104 0.021992 0.007684 0.003078 0.00591
0.00763 0.01043 0.005408 0.002604 0.006314
0.005116 0.007192 0.00303 0.001366 0.002922
0.006242 0.00969 0.004426 0.001974 0.004034
0.005194 0.021592 0.006284 0.00067 0.000972
0.013132 0.066982 0.026568 0.003238 0.007428
0.00565 0.032078 0.012362 0.00128 0.002338
0.003906 0.015426 0.005614 0.000824 0.001306
0.00552 0.007238 0.013136 0.00538 0.012188
0.028118 0.020788 0.045152 0.026016 0.09878
0.011624 0.012716 0.02224 0.01062 0.030648
0.005158 0.00534 0.012754 0.005852 0.01673
ATGG
0.072168 0.02933 0.017266 0.023702
0.005586 0.002492 0.001486 0.00203
0.044062 0.020946 0.01596 0.01773
0.00707 0.006024 0.01816 0.04338
0.027892 0.025696 0.096762 0.17169
0.00074 0.000666 0.002426 0.003784
0.016156 0.006136 0.015368 0.03011
0.029628 0.010854 0.031252 0.046164
0.00649 0.002636 0.007088 0.011574
0.022214 0.019182 0.018778 0.032758
0.002852 0.002468 0.00302 0.005712
0.005154 0.004716 0.005278 0.007364
TGGA
0.020622 0.013478 0.014704 0.008304
0.013044 0.007516 0.005726 0.005434
0.04897 0.026714 0.021802 0.040996
0.008834 0.00869 0.006466 0.0038
0.050996 0.018236 0.019072 0.034398
0.00418 0.091808 0.042028 0.004448
0.003366 0.088812 0.02523 0.003986
0.00144 0.05937 0.019896 0.002366
0.00128 0.066528 0.02389 0.002278
0.001328 0.015522 0.006854 0.000974
0.007666 0.001842 0.005354 0.00158
0.00055 0.000134 0.000412 9.8e-05
0.010084 0.000834 0.002762 0.00283
0.000436 0.000232 0.000676 0.00012
0.079962 0.004574 0.018584 0.017884
GGAA
0.057108 0.03172 0.138482 0.02779 0.122702
0.142464 0.121394 0.083072 0.093976 0.024678
0.016442 0.001194 0.01651 0.001464 0.121004
