GACC
0.134874 0.01403 0.042272 0.023972
0.253962 0.038612 0.107542 0.067508
0.054894 0.01006 0.015964 0.019256
0.072466 0.064958 0.060414 0.019216
ACCG
0.190618 0.16977 0.119048 0.03676
0.015434 0.022364 0.005976 0.083886
0.019414 0.031938 0.013624 0.161216
0.018528 0.022462 0.085722 0.00324
CCGA
0.071916 0.101464 0.046332 0.024282
0.08679 0.117114 0.029664 0.012966
0.00868 0.017534 0.125606 0.07255
0.188672 0.015172 0.006666 0.074592
CGAA
0.10432 0.251738
0.052656 0.198628
0.105638 0.10263
0.148788 0.035602
GAAT
0.252826 0.107268 0.051308
0.331724 0.169272 0.087602
AATG
0.12826 0.297644 0.158646
0.033008 0.166242 0.07729
0.059018 0.045534 0.034358
ATGT
0.033792 0.037346 0.106854 0.042294
0.038028 0.303526 0.154836 0.01303
0.051504 0.054966 0.069948 0.093876
TGTA
0.055224 0.021062 0.038472 0.008566
0.223746 0.085252 0.078852 0.007988
0.1241 0.064092 0.090912 0.052534
0.007824 0.004766 0.086596 0.050014
GTAA
0.35962 0.051274
0.1468 0.028372
0.212624 0.082208
0.016598 0.102504
TAAT
0.076204 0.271 0.155518 0.23292
0.06146 0.071916 0.058234 0.072748
