AGAA
0.057304 0.0244 0.025286 0.040728 0.077438 0.078628
0.087906 0.061526 0.043308 0.041774 0.026814 0.112004
0.033726 0.029838 0.01944 0.015166 0.014342 0.030762
0.030578 0.03295 0.012378 0.009868 0.076088 0.017748
GAAA
0.031566 0.043186 0.020064 0.02196
0.0195 0.036512 0.010948 0.006362
0.006238 0.008208 0.002714 0.002256
0.015156 0.047952 0.02514 0.022534
0.005522 0.00857 0.003106 0.006292
0.003722 0.005004 0.001592 0.004124
0.008264 0.014674 0.00929 0.005284
0.012088 0.020864 0.007146 0.004764
0.004934 0.00777 0.003004 0.00233
0.009522 0.006768 0.003844 0.003104
0.02361 0.025306 0.008082 0.004852
0.007596 0.0097 0.00324 0.001912
0.010898 0.0034 0.002026 0.014024
0.053262 0.018262 0.00914 0.044914
0.013278 0.005152 0.003176 0.01715
0.019244 0.018792 0.007912 0.006204
0.049532 0.078878 0.018924 0.009468
0.009852 0.014334 0.003926 0.002076
AAAC
0.056026 0.048428 0.01233 0.009426 0.007438 0.019354
0.06075 0.062354 0.025182 0.013812 0.02291 0.032798
0.04215 0.012758 0.017266 0.02822 0.043976 0.068944
0.031172 0.010732 0.027596 0.03363 0.081602 0.087858
0.01242 0.009786 0.009918 0.014442 0.02247 0.018172
0.006996 0.004656 0.00812 0.008006 0.016286 0.012016
AACA
0.012018 0.018378 0.007912
0.025428 0.037248 0.017802
0.026504 0.041062 0.016418
0.05448 0.072134 0.028406
0.00318 0.008042 0.002406
0.031392 0.03645 0.014264
0.033194 0.027652 0.007492
0.03045 0.036864 0.00751
0.057296 0.086398 0.014114
0.011898 0.00868 0.002242
0.060202 0.098356 0.019718
0.024766 0.01464 0.005004
ACAG
0.00221 0.007174
0.029232 0.048734
0.006866 0.01243
0.025088 0.03081
0.045516 0.036818
0.009874 0.007196
0.076494 0.142072
0.00643 0.01378
0.00106 0.001956
0.113892 0.01744
0.027522 0.003718
0.013606 0.001662
0.001128 0.023022
0.01026 0.129352
0.00224 0.025902
0.009632 0.005202
0.048758 0.026606
0.023716 0.012602
CAGC
0.002682 0.011362 0.035108 0.025628 0.00792 0.004784
0.001782 0.02111 0.106854 0.05688 0.00613 0.003456
0.00135 0.011054 0.04659 0.026126 0.003712 0.002074
0.00169 0.00551 0.014768 0.009448 0.00398 0.002262
0.00188 0.006862 0.015246 0.01325 0.002408 0.002258
0.007872 0.00735 0.002134 0.002648 0.020014 0.007
0.020452 0.021226 0.010088 0.011174 0.053396 0.021222
0.005954 0.006564 0.003072 0.00258 0.0132 0.004976
0.01488 0.014222 0.001992 0.006222 0.025328 0.018104
0.028808 0.032972 0.002924 0.008616 0.027674 0.024062
0.001068 0.001108 0.00024 0.001914 0.002702 0.003746
0.001602 0.001988 0.001064 0.003036 0.00463 0.003724
0.000358 0.000644 0.000256 0.000784 0.00114 0.000814
0.006266 0.004696 0.00058 0.00444 0.009056 0.013214
0.010002 0.008634 0.000876 0.005094 0.010614 0.01482
AGCT
0.009688 0.003088 0.001252
0.026946 0.014608 0.002926
0.034562 0.02437 0.004426
0.016288 0.004952 0.002174
0.025298 0.013458 0.002382
0.08446 0.07169 0.007904
0.042524 0.031802 0.002328
0.04393 0.020608 0.00343
0.017828 0.005138 0.000722
0.038374 0.01704 0.001588
0.010578 0.004958 0.00066
0.024126 0.00921 0.001026
0.003208 0.01059 0.006678
0.007842 0.029188 0.011044
0.020706 0.02892 0.011286
0.005902 0.01205 0.009244
0.008364 0.029878 0.013744
0.01254 0.05112 0.015316
0.007624 0.014248 0.005566
0.013376 0.02981 0.015414
GCTC
0.008676 0.026996 0.014634 0.01395 0.034728
0.00278 0.006696 0.004332 0.00334 0.008416
0.001236 0.00412 0.002216 0.001328 0.00286
0.001336 0.003326 0.002506 0.001858 0.005982
0.023644 0.102404 0.032752 0.028 0.04598
0.010464 0.026092 0.010684 0.010432 0.0164
0.004032 0.010556 0.003972 0.003656 0.004496
0.00634 0.025002 0.009594 0.005986 0.0121
0.035294 0.048492 0.010284 0.03143 0.016806
0.00892 0.00721 0.001706 0.007972 0.003736
0.01216 0.012422 0.00262 0.014078 0.004376
0.006984 0.00853 0.001586 0.007432 0.00252
0.006172 0.014932 0.008762 0.009494 0.023156
0.004632 0.013062 0.006972 0.004972 0.010506
0.01203 0.038896 0.017798 0.011908 0.022422
0.00058 0.001078 0.00083 0.000822 0.002516
CTCT
0.030222 0.0781 0.052568 0.020734
0.018116 0.040138 0.018262 0.011762
0.041864 0.094426 0.052764 0.023432
0.008782 0.020116 0.018712 0.006588
0.004212 0.016614 0.008702 0.00684
0.000322 0.001124 0.000344 0.00075
0.002722 0.006868 0.002428 0.005044
0.018308 0.049466 0.01807 0.02751
0.001388 0.005054 0.011504 0.015198
0.000232 0.000544 0.000458 0.002044
0.002092 0.004244 0.005096 0.013238
0.008048 0.01687 0.028598 0.072574
0.005524 0.025082 0.010882 0.00219
0.00096 0.003946 0.001456 0.000298
0.00542 0.018138 0.007564 0.00195
0.003104 0.011856 0.00715 0.001388
TCTG
0.037182 0.005526 0.005302 0.007194
0.07176 0.017948 0.016832 0.02388
0.024152 0.006374 0.004954 0.007202
0.04853 0.00652 0.006056 0.005402
0.007594 0.000216 0.000322 0.000492
0.062144 0.001724 0.00232 0.004922
0.01213 0.00046 0.000482 0.000922
0.00641 0.00014 0.000154 0.000324
0.075716 0.00615 0.009324 0.010034
0.078732 0.005868 0.009916 0.015796
0.020358 0.002786 0.002646 0.004014
0.03768 0.002258 0.002784 0.003228
0.012462 0.023722 0.033706 0.005494
0.003 0.004246 0.008662 0.00092
0.013924 0.048118 0.045784 0.009214
0.024812 0.037268 0.037938 0.00787
CTGC
0.055204 0.13042 0.042682 0.066508
0.008624 0.07111 0.013994 0.007028
0.101224 0.110312 0.029804 0.04595
0.075384 0.016828 0.11704 0.107888
