GACC
0.134874 0.01403 0.042272 0.023972
0.253962 0.038612 0.107542 0.067508
0.054894 0.01006 0.015964 0.019256
0.072466 0.064958 0.060414 0.019216
ACCG
0.046492 0.09487 0.018172 0.031084
0.049652 0.083712 0.01617 0.020236
0.03293 0.059174 0.015014 0.01193
0.0058 0.016206 0.005538 0.009216
0.002688 0.00562 0.001018 0.006108
0.004252 0.009062 0.001504 0.007546
0.000626 0.001552 0.00072 0.003078
0.006464 0.022378 0.006818 0.048226
0.003514 0.00879 0.0012 0.00591
0.007464 0.015478 0.001816 0.00718
0.002174 0.005324 0.001252 0.004874
0.02912 0.07795 0.011696 0.04245
0.003694 0.009318 0.002112 0.003404
0.004998 0.011958 0.002314 0.003192
0.014724 0.044744 0.014302 0.011952
0.000556 0.001488 0.000528 0.000668
CCGA
0.058458 0.004752 0.004468 0.004238
0.079774 0.006484 0.007354 0.007852
0.034848 0.00266 0.003954 0.00487
0.017538 0.001538 0.003638 0.001568
0.060608 0.008316 0.012174 0.005692
0.080904 0.011106 0.015362 0.009742
0.01985 0.00193 0.002372 0.005512
0.008408 0.001012 0.00203 0.001516
0.004848 0.000252 0.00053 0.00305
0.008526 0.000244 0.000486 0.008278
0.065264 0.002594 0.00407 0.053678
0.04041 0.002886 0.008538 0.020716
0.022834 0.057572 0.10705 0.001216
0.003052 0.006372 0.005244 0.000504
0.001416 0.002104 0.002766 0.00038
0.009458 0.017838 0.046156 0.00114
CGAA
0.018458 0.022048 0.002652 0.061162
0.053458 0.064742 0.006028 0.12751
0.021814 0.023642 0.0034 0.0038
0.07965 0.093472 0.014134 0.011372
0.02324 0.01283 0.065544 0.004024
0.023092 0.016834 0.060062 0.002642
0.018352 0.009978 0.057394 0.063064
0.00593 0.002988 0.015156 0.011528
GAAT
0.067012 0.034732 0.061936 0.089146
0.02522 0.011432 0.027132 0.043484
0.012088 0.006492 0.01657 0.016158
0.144238 0.116264 0.053212 0.01801
0.073058 0.05474 0.029264 0.01221
0.034442 0.027624 0.020154 0.005382
AATG
0.052642 0.075618
0.137686 0.159958
0.062498 0.096148
0.012324 0.020684
0.06856 0.097682
0.026384 0.050906
0.02355 0.035468
0.016088 0.029446
0.01167 0.022688
ATGT
0.018018 0.003604 0.01217
0.024 0.005984 0.007362
0.065346 0.01832 0.023188
0.020896 0.0051 0.016298
0.022452 0.012062 0.003514
0.176112 0.098906 0.028508
0.091162 0.051146 0.012528
0.007918 0.004128 0.000984
0.03099 0.0134 0.007114
0.028518 0.018498 0.00795
0.039318 0.02198 0.00865
0.05982 0.023412 0.010644
TGTA
0.01668 0.015422 0.023122
0.0058 0.006496 0.008766
0.00872 0.01421 0.015542
0.002592 0.0019 0.004074
0.0215 0.170226 0.03202
0.00865 0.06392 0.012682
0.005996 0.063738 0.009118
0.0012 0.005642 0.001146
0.040082 0.054736 0.029282
0.019984 0.030556 0.013552
0.025444 0.048842 0.016626
0.021344 0.020702 0.010488
0.00384 0.000646 0.003338
0.001792 0.000532 0.002442
0.02229 0.007804 0.056502
0.014372 0.004048 0.031594
GTAA
0.048354 0.195452 0.109012 0.006802
0.00687 0.028294 0.015088 0.001022
0.01796 0.070406 0.054308 0.004126
0.003102 0.014846 0.009784 0.00064
0.028044 0.054232 0.064536 0.065812
0.010428 0.02462 0.026376 0.020784
0.001356 0.001112 0.007376 0.006754
0.00721 0.006876 0.045158 0.04326
TAAT
0.038314 0.01358 0.020938 0.003372
0.12497 0.056432 0.08349 0.006108
0.076194 0.031162 0.04581 0.002352
0.120142 0.045626 0.062386 0.004766
0.01086 0.004258 0.015808 0.030534
0.011038 0.007432 0.023976 0.02947
0.013076 0.00781 0.019794 0.017554
0.0163 0.008872 0.02263 0.024946
AATT
0.076204 0.271 0.155518 0.23292
0.06146 0.071916 0.058234 0.072748
