GCAC
0.04466 0.03646 0.32534
0.0674 0.07359 0.14279
0.02887 0.14915 0.13174
CACT
0.04912 0.09181
0.07083 0.18837
0.12696 0.47291
ACTA
0.1257 0.05505 0.06616
0.02778 0.44902 0.27629
CTAG
0.02839 0.01376 0.11133
0.28274 0.19498 0.02635
0.08661 0.02186 0.23398
TAGA
0.07659 0.07685 0.17521 0.06909
0.08636 0.03378 0.09671 0.01375
0.02218 0.12366 0.09075 0.13507
AGAT
0.01336 0.15559 0.01618
0.0187 0.16496 0.05063
0.0161 0.31637 0.0302
0.01045 0.18826 0.0192
GATC
0.02007 0.00798 0.00903 0.00596 0.01557
0.27734 0.10487 0.13972 0.05062 0.25263
0.03931 0.02494 0.01969 0.01101 0.02126
ATCG
0.17589 0.01811 0.01062 0.1321
0.00093 0.00544 0.10176 0.02966
0.00254 0.00499 0.07821 0.0827
0.00725 0.00711 0.03942 0.01381
0.02841 0.01143 0.02075 0.22887
TCGA
0.00741 0.13985 0.01945 0.04634 0.00197
0.00974 0.016 0.00778 0.0105 0.00306
0.13935 0.00284 0.01102 0.01812 0.07943
0.09871 0.09861 0.21187 0.03149 0.04646
CGAT
0.03569 0.09069 0.06162 0.06721
0.0519 0.08683 0.03865 0.07992
0.02264 0.1073 0.0611 0.05908
0.03403 0.02182 0.01349 0.03711
0.01262 0.05378 0.0361 0.02842
GATG
0.07771 0.02564 0.05353
0.0876 0.10114 0.17168
0.06204 0.04526 0.10366
0.06607 0.08324 0.12243
ATGT
0.10386 0.01571 0.06936 0.10449
0.05003 0.09661 0.08928 0.01936
0.14166 0.01841 0.03928 0.25195
TGTA
0.04613 0.1932 0.05622
0.00376 0.11162 0.01535
0.0538 0.11075 0.03337
0.22072 0.03547 0.11961
GTAC
0.06827 0.01092 0.05573 0.18949
0.20092 0.16045 0.0546 0.03507
0.04875 0.06234 0.04367 0.06979
TACG
0.20659 0.01872 0.02337 0.04619 0.02307
0.03852 0.07384 0.03668 0.00778 0.07689
0.03672 0.02958 0.03715 0.01055 0.04
0.12076 0.02279 0.01951 0.12412 0.00717
ACGC
0.03942 0.24371 0.11946
0.03642 0.052 0.05651
0.03605 0.03371 0.04695
0.00471 0.13111 0.05282
0.1237 0.00886 0.01457
CGCT
0.04259 0.02015 0.05299 0.06322 0.03009 0.03126
0.1322 0.11081 0.08187 0.07275 0.05265 0.01911
0.04448 0.05203 0.10547 0.04509 0.02371 0.01953
GCTA
0.01741 0.05941 0.14245
0.05993 0.085 0.03806
0.14844 0.04326 0.04863
0.00757 0.09017 0.08332
0.00453 0.036 0.06592
0.00169 0.03956 0.02865
CTAG
0.00316 0.02197 0.02435 0.032 0.07481 0.08328
0.03117 0.06631 0.21278 0.00277 0.02965 0.01072
0.00974 0.04868 0.03685 0.06577 0.1638 0.08219
TAGC
0.02096 0.01559 0.00752
0.06305 0.04562 0.02829
0.15359 0.04943 0.07096
0.03174 0.03532 0.03348
0.08188 0.12207 0.06431
0.06136 0.04636 0.06847
AGCG
0.08739 0.09593 0.05121 0.0197 0.15835
0.06196 0.0297 0.01571 0.00342 0.2036
0.03861 0.0537 0.0236 0.14602 0.0111
GCGT
0.06857 0.03096 0.02962 0.05881
0.01457 0.09944 0.03437 0.03095
0.00915 0.03854 0.02827 0.01456
0.01199 0.10136 0.04895 0.00684
0.10063 0.02314 0.02374 0.22554
CGTA
0.09748 0.06742 0.04001
0.17299 0.02018 0.10027
0.03599 0.08113 0.04783
0.02965 0.24181 0.06524
GTAC
0.13465 0.16021 0.017 0.02425
0.07469 0.04318 0.05542 0.23725
0.07305 0.06474 0.0165 0.09906
TACA
0.0772 0.05861 0.14658
0.03636 0.16922 0.06255
0.02798 0.03058 0.03036
0.08016 0.04241 0.23799
ACAT
0.12583 0.02326 0.0546 0.01801
0.07423 0.07225 0.12045 0.03389
0.08831 0.10094 0.22945 0.05878
CATC
0.08174 0.07515 0.04601 0.04631 0.03916
0.05637 0.02779 0.03405 0.02491 0.05333
0.11865 0.05718 0.07471 0.03638 0.11758
0.03653 0.01664 0.01874 0.01311 0.02566
ATCG
0.17825 0.01444 0.006 0.0946
0.00261 0.00841 0.11268 0.05306
0.00281 0.00491 0.05625 0.10954
0.04433 0.01057 0.03839 0.02742
0.0189 0.00806 0.0123 0.19647
TCGA
0.00936 0.16509 0.03449 0.03534 0.00262
0.01059 0.01544 0.00866 0.00773 0.00397
0.12301 0.00218 0.01254 0.00917 0.07872
0.11715 0.05468 0.2211 0.01701 0.07115
CGAT
0.01783 0.20911 0.03317
0.01427 0.18885 0.03427
0.01688 0.23688 0.02303
0.00837 0.0429 0.01798
0.00972 0.13214 0.0146
GATC
0.02279 0.00467 0.00884 0.03077
0.2727 0.04372 0.15168 0.34178
0.02462 0.03139 0.01869 0.04835
ATCT
0.11433 0.15162 0.05416
0.02752 0.00901 0.04325
0.07444 0.06354 0.04123
0.12417 0.03234 0.26439
TCTA
0.22428 0.02865 0.08753
0.21539 0.01681 0.02431
0.03154 0.13934 0.23215
CTAG
0.07787 0.39334
0.16142 0.02338
0.08927 0.25472
TAGT
0.08967 0.09499 0.1439
0.14641 0.1929 0.33213
AGTG
0.07488 0.04605 0.11515
0.03363 0.06101 0.19325
0.24493 0.03553 0.19557
