AGGC
0.176446 0.093132
0.58016 0.150262
GGCG
0.049254 0.202788
0.01278 0.043404
0.079096 0.227626
0.035316 0.106342
0.01055 0.013658
0.050094 0.084948
0.012566 0.020932
0.019922 0.030724
GCGC
0.099192 0.009048
0.055272 0.00603
0.062118 0.00557
0.004744 0.00039
0.014968 0.001312
0.015748 0.001858
0.005512 0.014458
0.00192 0.00648
0.012646 0.029316
0.027892 0.064762
0.0042 0.01006
0.004014 0.009966
0.019962 0.002468
0.032332 0.00298
0.02753 0.002824
0.061628 0.007414
0.061602 0.006324
0.103668 0.011488
0.034324 0.01202
0.018314 0.007164
0.021556 0.006152
0.016812 0.007454
0.016876 0.00551
0.033776 0.012346
CGCA
0.04586 0.00705 0.00609 0.015854
0.052646 0.010396 0.01339 0.025486
0.00412 0.001234 0.001606 0.002136
0.005614 0.00129 0.001344 0.002868
0.012634 0.0013 0.005998 0.003884
0.04183 0.005932 0.024802 0.018322
0.00156 0.000206 0.001608 0.00076
0.005278 0.000962 0.002904 0.002512
0.005958 0.007598 0.003194 0.002776
0.024852 0.007846 0.011588 0.010886
0.024124 0.021312 0.009524 0.009014
0.012754 0.005206 0.006048 0.005032
7.2e-05 0.00315 0.002804 0.000706
0.001006 0.011254 0.014624 0.005242
0.00253 0.058446 0.036454 0.013452
0.001526 0.019804 0.01516 0.004866
0.00054 0.000798 0.004882 0.001446
0.009498 0.008956 0.032562 0.013322
0.003226 0.002032 0.018908 0.003882
0.003016 0.002474 0.011574 0.003736
0.001018 0.000768 0.007076 0.002498
0.013224 0.009564 0.083978 0.033564
0.00063 0.000916 0.009664 0.00263
0.002734 0.002732 0.014438 0.00743
GCAA
0.053626 0.01706 0.013684 0.005166 0.005798 0.008642
0.021228 0.006756 0.005842 0.001566 0.001868 0.002718
0.024642 0.015742 0.008108 0.004934 0.006756 0.018156
0.077276 0.075144 0.047064 0.027192 0.057582 0.122174
0.003512 0.001096 0.017114 0.019298 0.005034 0.00261
0.005584 0.003038 0.04686 0.091584 0.023014 0.01123
0.002384 0.00149 0.004172 0.005296 0.002548 0.003156
0.008732 0.010166 0.024868 0.03606 0.018252 0.024178
CAAG
0.030712 0.034088 0.016768 0.007576
0.006622 0.00436 0.00298 0.00152
0.052274 0.030382 0.023232 0.00652
0.00908 0.00554 0.004278 0.001798
0.005288 0.003968 0.001406 0.001632
0.012864 0.137278 0.04694 0.038552
0.005792 0.06404 0.033026 0.018856
0.004934 0.047272 0.019098 0.013052
0.008602 0.089304 0.052464 0.02942
0.007786 0.068538 0.029782 0.022376
AAGA
0.023832 0.071678
0.018178 0.042018
0.03848 0.10712
0.008654 0.014818
0.008854 0.08001
0.00106 0.008926
0.00279 0.019788
0.002778 0.01299
0.019858 0.013204
0.024052 0.02384
0.064352 0.044226
0.004146 0.003086
0.012016 0.119608
0.001702 0.01361
0.002714 0.013126
0.004264 0.033446
0.003156 0.059554
0.00026 0.003334
0.001072 0.006462
0.007806 0.059132
AGAC
0.021356 0.015298 0.006382 0.018222 0.00838
0.009868 0.004688 0.004122 0.006186 0.002318
0.01982 0.02044 0.007598 0.036696 0.01768
0.044466 0.048438 0.01496 0.07052 0.034332
0.014202 0.002152 0.012238 0.003514 0.000682
0.027864 0.002568 0.017578 0.003204 0.00054
0.007918 0.001938 0.007076 0.00307 0.000906
0.010212 0.003328 0.011 0.005524 0.001466
0.045086 0.005656 0.033364 0.004368 0.001728
0.020574 0.002114 0.010098 0.001444 0.00068
0.033104 0.005566 0.023536 0.00348 0.002158
0.046836 0.009242 0.04158 0.006548 0.002968
0.004858 0.002938 0.001316 0.005252 0.00986
0.00309 0.000908 0.001116 0.001726 0.00225
0.006218 0.004256 0.00231 0.012492 0.020406
0.009306 0.007666 0.00249 0.01824 0.034422
GACT
0.008004 0.00337 0.0098 0.003032
0.009276 0.004306 0.011076 0.003006
0.004736 0.003132 0.009594 0.00192
0.037656 0.012566 0.03358 0.01182
0.009966 0.009414 0.026152 0.004446
0.002804 0.005174 0.003072 0.000866
0.005128 0.008612 0.006088 0.00144
0.003538 0.00801 0.006398 0.001592
0.010242 0.014382 0.009084 0.002718
0.00547 0.015576 0.010268 0.002474
0.0095 0.002072 0.005772 0.004756
0.013656 0.002644 0.007094 0.005764
0.014192 0.003408 0.01579 0.006966
0.040366 0.005458 0.016676 0.015888
0.02452 0.007326 0.022512 0.012308
0.024122 0.003554 0.012522 0.00929
0.027958 0.004016 0.012466 0.008874
0.011184 0.00279 0.010554 0.004728
0.11172 0.012362 0.04184 0.033748
0.037732 0.008808 0.029792 0.015484
ACTG
0.012102 0.005326 0.011738 0.026804
0.003936 0.001606 0.00425 0.009832
0.005474 0.00328 0.004232 0.008876
0.002694 0.001704 0.00188 0.003976
0.011772 0.007286 0.013688 0.025002
0.005386 0.003908 0.006368 0.011634
0.002634 0.002458 0.00223 0.003848
0.007872 0.007616 0.006872 0.01283
0.003258 0.003506 0.007608 0.006118
0.00101 0.00082 0.00191 0.001762
0.01179 0.012252 0.024098 0.016756
0.003324 0.00296 0.00674 0.00462
0.04754 0.016452 0.039502 0.10259
0.02604 0.010856 0.023122 0.058382
0.008062 0.003104 0.005806 0.013684
0.01398 0.006014 0.009958 0.025014
0.010172 0.007114 0.016914 0.021596
0.002224 0.001544 0.003482 0.005112
0.035952 0.023798 0.043508 0.062126
0.00163 0.001332 0.002762 0.002982
CTGA
0.05597 0.019624 0.021862 0.010254
0.057748 0.027296 0.01117 0.03519
0.02049 0.005502 0.064896 0.017644
0.206084 0.1184 0.030656 0.054966
0.055796 0.012362 0.165384 0.008706
